MEMORY
  total           14700 KB
  struct            159 KB
  buffer            205 KB
  arena           14336 KB, used 0.2%

SIZES
  narena                14680064
  nbuffer               209696
  nplugin               0
  maxuse_stack          4312
  maxuse_arena          30960
  maxuse_con            4
  maxuse_efc            16
  ncon                  3
  ne                    0
  nf                    0
  nl                    0
  nefc                  12
  nJ                    216
  nA                    0
  nisland               1
  nidof                 18
  ntree_awake           1
  nbody_awake           14
  nparent_awake         13
  nv_awake              18
  flg_energypos         0
  flg_energyvel         0
  flg_subtreevel        0
  flg_rnepost           0
  threadpool            0

TIMER
    0:  duration =  0.16       number = 10
    1:  duration =  0.15       number = 10
    2:  duration =  0          number = 0
    3:  duration =  0.091      number = 10
    4:  duration =  0.01       number = 10
    5:  duration =  0.003      number = 10
    6:  duration =  0.045      number = 10
    7:  duration =  0.0069     number = 10
    8:  duration =  0.014      number = 10
    9:  duration =  0.0082     number = 10
    10:  duration =  0.044      number = 10
    11:  duration =  0.022      number = 10
    12:  duration =  0.0006     number = 10
    13:  duration =  0.017      number = 10
    14:  duration =  0.014      number = 10

SOLVER STAT
  solver_fwdinv =   0         0       
  ISLAND 0
    solver_niter = 1
    solver_nnz = 324
      0:  improvement =  0.005       gradient =  2.8e-16     lineslope =  0       
          nactive = 12   nchange = 0   neval = 2   nupdate = 0

ENERGY =   0         0       

TIME =  6.7e+02 

QPOS
  -1.5     
  -0.026   
   0.11    
  -0.86    
   0.016   
   0.064   
  -0.51    
  -0.0065  
   0.73    
  -1.1     
   0.062   
   0.49    
  -1.3     
  -0.064   
   0.48    
  -1.3     
  -0.0071  
   0.73    
  -1.1     

QVEL
  -0.02    
  -0.011   
   0.014   
  -0.13    
  -0.17    
  -0.097   
  -0.0095  
  -0.081   
   0.054   
  -0.091   
   0.27    
   0.33    
   0.081   
   0.15    
   0.24    
  -0.0069  
  -0.12    
   0.023   

QACC_WARMSTART
   0.71    
   0.22    
  -0.29    
   5.1     
   5.9     
   1.1     
   0.9     
   0.82    
  -3.2     
   1.9     
  -9.2     
  -11      
  -0.83    
  -0.22    
  -4.9     
   0.3     
   1.7     
  -2.4     

CTRL
   0       
   0.72    
  -1.1     
   0.058   
   0.5     
  -1.3     
  -0.058   
   0.5     
  -1.3     
   0       
   0.72    
  -1.1     

QFRC_APPLIED
   0       
   0       
   0       
   0       
   0       
   0       
   0       
   0       
   0       
   0       
   0       
   0       
   0       
   0       
   0       
   0       
   0       
   0       

XFRC_APPLIED
   0         0         0         0         0         0       
   0         0         0         0         0         0       
   0         0         0         0         0         0       
   0         0         0         0         0         0       
   0         0         0         0         0         0       
   0         0         0         0         0         0       
   0         0         0         0         0         0       
   0         0         0         0         0         0       
   0         0         0         0         0         0       
   0         0         0         0         0         0       
   0         0         0         0         0         0       
   0         0         0         0         0         0       
   0         0         0         0         0         0       
   0         0         0         0         0         0       

QACC
   0.71    
   0.22    
  -0.29    
   5.1     
   5.9     
   1.1     
   0.9     
   0.82    
  -3.2     
   1.9     
  -9.2     
  -11      
  -0.83    
  -0.22    
  -4.9     
   0.3     
   1.7     
  -2.4     

TREE_ASLEEP
  -11

XPOS
   0         0         0       
  -1.5      -0.026     0.11    
  -1.5       0.066     0.14    
  -1.5       0.073     0.14    
  -1.5       0.039     0.089   
  -1.4       0.044     0.15    
  -1.4       0.0045    0.15    
  -1.4      -0.02      0.098   
  -1.5      -0.066     0.13    
  -1.6      -0.059     0.12    
  -1.6      -0.083     0.065   
  -1.5      -0.088     0.13    
  -1.5      -0.13      0.14    
  -1.5      -0.16      0.088   

XQUAT
   1         0         0         0       
  -0.86      0.016     0.064    -0.51    
  -0.86      0.014     0.062    -0.51    
  -0.82      0.2      -0.25     -0.47    
  -0.83     -0.08      0.22     -0.51    
  -0.86      0.043     0.08     -0.51    
  -0.85      0.17     -0.13     -0.48    
  -0.76     -0.16      0.41     -0.49    
  -0.86      0.044     0.08     -0.51    
  -0.85      0.16     -0.13     -0.48    
  -0.75     -0.16      0.41     -0.48    
  -0.86      0.019     0.066    -0.51    
  -0.82      0.2      -0.24     -0.47    
  -0.83     -0.075     0.22     -0.51    

XMAT
   1         0         0         0         1         0         0         0         1       
   0.47     -0.87     -0.13      0.88      0.48     -0.037     0.092    -0.093     0.99    
   0.47     -0.88     -0.12      0.88      0.48     -0.04      0.092    -0.087     0.99    
   0.43     -0.88      0.22      0.68      0.48      0.56     -0.59     -0.087     0.8     
   0.39     -0.88     -0.28      0.81      0.48     -0.35      0.44     -0.087     0.89    
   0.47     -0.86     -0.18      0.88      0.48     -0.0072    0.092    -0.16      0.98    
   0.5      -0.86      0.062     0.78      0.48      0.41     -0.38     -0.16      0.91    
   0.2      -0.86     -0.46      0.61      0.48     -0.64      0.77     -0.16      0.62    
   0.47     -0.86     -0.18      0.88      0.48     -0.0065    0.092    -0.16      0.98    
   0.5      -0.86      0.057     0.78      0.48      0.4      -0.38     -0.16      0.91    
   0.19     -0.86     -0.47      0.6       0.48     -0.64      0.78     -0.16      0.61    
   0.47     -0.87     -0.13      0.88      0.48     -0.034     0.092    -0.1       0.99    
   0.44     -0.87      0.21      0.68      0.48      0.56     -0.59     -0.1       0.8     
   0.39     -0.87     -0.29      0.81      0.48     -0.35      0.44     -0.1       0.89    

XIPOS
   0         0         0       
  -1.5      -0.027     0.13    
  -1.5       0.065     0.15    
  -1.5       0.043     0.12    
  -1.5       0.028     0.055   
  -1.4       0.02      0.16    
  -1.4      -0.0042    0.13    
  -1.4      -0.0013    0.063   
  -1.6      -0.067     0.13    
  -1.6      -0.085     0.098   
  -1.6      -0.082     0.035   
  -1.5      -0.11      0.14    
  -1.5      -0.14      0.11    
  -1.5      -0.15      0.051   

XIMAT
   1         0         0         0         1         0         0         0         1       
   0.47     -0.87     -0.13      0.88      0.48     -0.037     0.092    -0.093     0.99    
   0.13     -0.66      0.74     -0.23     -0.74     -0.63      0.96     -0.089    -0.25    
   0.43     -0.88      0.22      0.68      0.48      0.56     -0.59     -0.087     0.8     
   0.41     -0.88     -0.25      0.83      0.48     -0.29      0.37     -0.087     0.92    
  -0.46     -0.26      0.85      0.093    -0.97     -0.24      0.88     -0.033     0.47    
   0.5      -0.86      0.062     0.78      0.48      0.41     -0.38     -0.16      0.91    
   0.23     -0.86     -0.45      0.65      0.48     -0.59      0.72     -0.16      0.68    
   0.069    -0.66      0.75     -0.2      -0.74     -0.64      0.98     -0.11     -0.18    
   0.5      -0.86      0.057     0.78      0.48      0.4      -0.38     -0.16      0.91    
   0.22     -0.86     -0.45      0.65      0.48     -0.6       0.73     -0.16      0.66    
  -0.42     -0.25      0.87      0.067    -0.97     -0.25      0.91     -0.045     0.42    
   0.44     -0.87      0.21      0.68      0.48      0.56     -0.59     -0.1       0.8     
   0.41     -0.87     -0.26      0.83      0.48     -0.29      0.38     -0.1       0.92    

XANCHOR
  -1.5      -0.026     0.11    
  -1.5       0.066     0.14    
  -1.5       0.073     0.14    
  -1.5       0.039     0.089   
  -1.4       0.044     0.15    
  -1.4       0.0045    0.15    
  -1.4      -0.02      0.098   
  -1.5      -0.066     0.13    
  -1.6      -0.059     0.12    
  -1.6      -0.083     0.065   
  -1.5      -0.088     0.13    
  -1.5      -0.13      0.14    
  -1.5      -0.16      0.088   

XAXIS
   0         0         1       
  -0.47     -0.88     -0.092   
  -0.88      0.48     -0.087   
  -0.88      0.48     -0.087   
  -0.47     -0.88     -0.092   
  -0.86      0.48     -0.16    
  -0.86      0.48     -0.16    
   0.47      0.88      0.092   
  -0.86      0.48     -0.16    
  -0.86      0.48     -0.16    
   0.47      0.88      0.092   
  -0.87      0.48     -0.1     
  -0.87      0.48     -0.1     

GEOM_XPOS
   0         0         0       
  -1.5      -0.024     0.15    
  -1.5       0.023     0.18    
  -1.5      -0.044     0.2     
  -1.5      -0.011     0.16    
  -1.5       0.064     0.15    
  -1.5       0.068     0.14    
  -1.5       0.044     0.12    
  -1.5       0.056     0.11    
  -1.5       0.027     0.061   
  -1.5       0.054     0.051   
  -1.4       0.018     0.16    
  -1.4       0.025     0.15    
  -1.4      -0.0028    0.12    
  -1.4      -0.0078    0.13    
  -1.4      -0.0047    0.068   
  -1.4       0.007     0.072   
  -1.6      -0.067     0.13    
  -1.5      -0.063     0.12    
  -1.6      -0.084     0.097   
  -1.6      -0.071     0.092   
  -1.6      -0.085     0.04    
  -1.6      -0.056     0.039   
  -1.5      -0.11      0.14    
  -1.5      -0.11      0.13    
  -1.5      -0.14      0.11    
  -1.5      -0.14      0.11    
  -1.5      -0.16      0.057   
  -1.5      -0.15      0.051   

GEOM_XMAT
   1         0         0         0         1         0         0         0         1       
  -0.88     -0.14      0.46      0.48     -0.1       0.87     -0.074     0.99      0.16    
   0.63     -0.77      0.13      0.68      0.63      0.38     -0.37     -0.15      0.92    
  -0.14     -0.83      0.53     -0.035    -0.54     -0.84      0.99     -0.13      0.044   
   0.47     -0.87     -0.13      0.88      0.48     -0.037     0.092    -0.093     0.99    
   0.062    -0.66      0.75     -0.24     -0.74     -0.63      0.97     -0.14     -0.2     
   0.15     -0.071     0.99      0.94      0.33     -0.12     -0.32      0.94      0.11    
   0.43     -0.88      0.22      0.68      0.48      0.56     -0.59     -0.087     0.8     
   0.43     -0.88      0.22      0.68      0.48      0.56     -0.59     -0.087     0.8     
   0.43     -0.88     -0.22      0.85      0.48     -0.24      0.32     -0.087     0.94    
   0.39     -0.88     -0.28      0.81      0.48     -0.35      0.44     -0.087     0.89    
  -0.44     -0.24      0.87      0.032    -0.97     -0.26      0.9      -0.083     0.43    
   0.77     -0.11     -0.63      0.6      -0.23      0.77     -0.23     -0.97     -0.11    
   0.5      -0.86      0.062     0.78      0.48      0.41     -0.38     -0.16      0.91    
   0.5      -0.86      0.062     0.78      0.48      0.41     -0.38     -0.16      0.91    
   0.26     -0.86     -0.43      0.69      0.48     -0.55      0.68     -0.16      0.72    
   0.2      -0.86     -0.46      0.61      0.48     -0.64      0.77     -0.16      0.62    
  -0.00011  -0.66      0.76     -0.21     -0.74     -0.64      0.98     -0.16     -0.14    
   0.17     -0.13      0.98      0.92      0.36     -0.12     -0.34      0.92      0.18    
   0.5      -0.86      0.057     0.78      0.48      0.4      -0.38     -0.16      0.91    
   0.5      -0.86      0.057     0.78      0.48      0.4      -0.38     -0.16      0.91    
   0.25     -0.86     -0.44      0.68      0.48     -0.56      0.69     -0.16      0.71    
   0.19     -0.86     -0.47      0.6       0.48     -0.64      0.78     -0.16      0.61    
  -0.39     -0.24      0.89      0.0066   -0.97     -0.26      0.92     -0.096     0.38    
   0.75     -0.16     -0.64      0.61     -0.21      0.77     -0.25     -0.97     -0.059   
   0.44     -0.87      0.21      0.68      0.48      0.56     -0.59     -0.1       0.8     
   0.44     -0.87      0.21      0.68      0.48      0.56     -0.59     -0.1       0.8     
   0.43     -0.87     -0.24      0.85      0.48     -0.24      0.32     -0.1       0.94    
   0.39     -0.87     -0.29      0.81      0.48     -0.35      0.44     -0.1       0.89    

SUBTREE_COM
  -1.5      -0.03      0.12    
  -1.5      -0.03      0.12    
  -1.5       0.045     0.1     
  -1.5       0.033     0.077   
  -1.5       0.028     0.055   
  -1.4       0.0025    0.1     
  -1.4      -0.0023    0.085   
  -1.4      -0.0013    0.063   
  -1.6      -0.077     0.084   
  -1.6      -0.083     0.057   
  -1.6      -0.082     0.035   
  -1.5      -0.14      0.089   
  -1.5      -0.15      0.073   
  -1.5      -0.15      0.051   

CDOF
   0         0         0         1         0         0       
   0         0         0         0         1         0       
   0         0         0         0         0         1       
   0.47      0.88      0.092     0.011    -0.0061    0.0018  
  -0.87      0.48     -0.093     0.0056    0.011     0.0048  
  -0.13     -0.037     0.99      0.0029   -0.0023    0.00028 
  -0.47     -0.88     -0.092     0.0075   -0.0064    0.023   
  -0.88      0.48     -0.087    -0.015    -0.013     0.077   
  -0.88      0.48     -0.087     0.011     0.027     0.041   
  -0.47     -0.88     -0.092     0.013    -0.0047   -0.022   
  -0.86      0.48     -0.16     -0.019    -0.0095    0.076   
  -0.86      0.48     -0.16      0.011     0.037     0.053   
   0.47      0.88      0.092    -0.0075    0.0064   -0.023   
  -0.86      0.48     -0.16      0.0069   -0.011    -0.071   
  -0.86      0.48     -0.16      0.037     0.036    -0.094   
   0.47      0.88      0.092    -0.013     0.0047    0.022   
  -0.87      0.48     -0.1       0.004    -0.0077   -0.072   
  -0.87      0.48     -0.1       0.03      0.033    -0.11    

CINERT
   0         0         0         0         0         0         0         0         0         0       
   0.007     0.0042    0.0089   -0.0021   -0.00035  -0.00046   0.0011    0.0021    0.006     0.8     
   0.00019   1.7e-05   0.00018   9.9e-06   2.9e-06  -4.6e-05  -9.2e-05   0.0019    0.00047   0.02    
   7e-05     9.6e-06   7.3e-05   1.8e-05  -2.1e-06   3.5e-06  -0.00025   0.00089  -7e-05     0.012   
   0.0002    0.00013   8.9e-05   2.7e-05  -3.1e-05   9.4e-05  -0.00048   0.0013   -0.0016    0.023   
   3.8e-05   7.4e-05   8.6e-05  -3.7e-05  -2.7e-05  -1.6e-05   0.00076   0.00048   0.00034   0.0098  
   1.3e-05   7.8e-05   8.3e-05  -2.4e-05  -1.3e-06  -1.7e-06   0.00095   0.00031   1.4e-05   0.012   
   0.00011   0.00028   0.00021  -6.1e-05   0.00013   4.4e-05   0.002     0.00064  -0.0014    0.023   
   3.3e-05   0.00012   0.00015  -5.3e-05   1.3e-05   5.6e-06  -0.0015   -0.00073   0.00017   0.02    
   5.2e-05   0.0001    0.00013  -5.9e-05  -2.8e-05  -2e-05    -0.0011   -0.00069  -0.00033   0.012   
   0.00025   0.00031   0.00019  -8.8e-05  -0.00014  -0.0001   -0.0016   -0.0012   -0.002     0.023   
   7.3e-05   7.2e-06   7.1e-05   6.8e-06  -2.3e-06   1.6e-05   7.9e-05  -0.00081   0.00019   0.0098  
   0.00016   5.4e-06   0.00015   3.4e-06  -3.7e-07  -1.5e-05   3.2e-05  -0.0014   -0.00012   0.012   
   0.00049   0.00013   0.00036   5.7e-06   6.8e-06  -0.0002    5.1e-05  -0.0028   -0.0017    0.023   

ACTUATOR_LENGTH
  -0.0065  
   0.73    
  -1.1     
   0.063   
   0.49    
  -1.3     
  -0.064   
   0.48    
  -1.3     
  -0.007   
   0.73    
  -1.1     

actuator_moment
--------------------
       x            |
        x           |
         x          |
          x         |
           x        |
            x       |
             x      |
              x     |
               x    |
                x   |
                 x  |
                  x |
--------------------

ACTUATOR_MOMENT
     6:  1       
     7:  1       
     8:  1       
     9:  1       
    10:  1       
    11:  1       
    12:  1       
    13:  1       
    14:  1       
    15:  1       
    16:  1       
    17:  1       

CRB
   0         0         0         0         0         0         0         0         0         0       
   0.0086    0.0055    0.011    -0.0023   -0.00043  -0.0007   -2.4e-16  -3.5e-18   2.1e-17   1       
   0.00046   0.00016   0.00034   5.5e-05  -3e-05     5.2e-05  -0.00082   0.0041   -0.0012    0.055   
   0.00027   0.00014   0.00016   4.5e-05  -3.3e-05   9.8e-05  -0.00073   0.0022   -0.0016    0.035   
   0.0002    0.00013   8.9e-05   2.7e-05  -3.1e-05   9.4e-05  -0.00048   0.0013   -0.0016    0.023   
   0.00017   0.00043   0.00038  -0.00012   0.0001    2.6e-05   0.0038    0.0014   -0.001     0.045   
   0.00013   0.00036   0.00029  -8.5e-05   0.00013   4.3e-05   0.003     0.00096  -0.0014    0.035   
   0.00011   0.00028   0.00021  -6.1e-05   0.00013   4.4e-05   0.002     0.00064  -0.0014    0.023   
   0.00034   0.00053   0.00046  -0.0002   -0.00016  -0.00011  -0.0042   -0.0026   -0.0022    0.055   
   0.0003    0.00041   0.00032  -0.00015  -0.00017  -0.00012  -0.0027   -0.0019   -0.0023    0.035   
   0.00025   0.00031   0.00019  -8.8e-05  -0.00014  -0.0001   -0.0016   -0.0012   -0.002     0.023   
   0.00072   0.00015   0.00058   1.6e-05   4.2e-06  -0.0002    0.00016  -0.005    -0.0016    0.045   
   0.00065   0.00014   0.00051   9.1e-06   6.5e-06  -0.00022   8.4e-05  -0.0042   -0.0018    0.035   
   0.00049   0.00013   0.00036   5.7e-06   6.8e-06  -0.0002    5.1e-05  -0.0028   -0.0017    0.023   

QM
   1       
   0         1       
   0         0         1       
   0.011    -0.0061    0.0018    0.0043  
   0.0056    0.011     0.0048   -1.3e-05   0.01    
   0.0029   -0.0023    0.00028  -0.00016  -4.2e-05   0.011   
   0.0018   -0.00082  -0.0014   -0.00021   8e-05    -5.3e-05   0.01    
  -0.0011   -0.0018    0.0011    7e-05     7.1e-05   0.00011  -4e-05     0.01    
  -0.00039  -0.00071   2.2e-05   5.1e-06   5.5e-05   4.3e-05  -2.9e-06   8.3e-05   0.01    
   0.0016   -0.001     0.0016   -0.00022  -8.9e-05  -0.00012                                 0.01    
  -0.0012   -0.002     0.00042  -3.5e-05   0.0001   -0.00013                                 2e-05     0.01    
  -0.00032  -0.00068  -0.00032   1.4e-05   7.5e-05  -4.7e-05                                -7.8e-06   7.6e-05   0.01    
  -0.0021    0.00098   0.0012    0.00022   0.00012  -0.0002                                                                0.01    
  -0.0012   -0.002     0.0004    3.2e-05   0.0002    0.0001                                                                1.9e-05   0.01    
  -0.00031  -0.00067  -0.00033  -1.3e-05   3.9e-05   3.7e-05                                                              -7.9e-06   7.6e-05   0.01    
  -0.0015    0.00097  -0.0015    0.00019  -0.00014  -0.00023                                                                                             0.01    
  -0.0011   -0.0018    0.0011   -7e-05     0.00027  -0.00011                                                                                            -4.1e-05   0.01    
  -0.00039  -0.00071   2e-05    -5.1e-06   7e-05    -4.4e-05                                                                                            -3e-06     8.3e-05   0.01    

M
     0:  1       
     0:  0          1:  1       
     0:  0          1:  0          2:  1       
     0:  0.011      1: -0.0061     2:  0.0018     3:  0.0043  
     0:  0.0056     1:  0.011      2:  0.0048     3: -1.3e-05    4:  0.01    
     0:  0.0029     1: -0.0023     2:  0.00028    3: -0.00016    4: -4.2e-05    5:  0.011   
     0:  0.0018     1: -0.00082    2: -0.0014     3: -0.00021    4:  8e-05      5: -5.3e-05    6:  0.01    
     0: -0.0011     1: -0.0018     2:  0.0011     3:  7e-05      4:  7.1e-05    5:  0.00011    6: -4e-05      7:  0.01    
     0: -0.00039    1: -0.00071    2:  2.2e-05    3:  5.1e-06    4:  5.5e-05    5:  4.3e-05    6: -2.9e-06    7:  8.3e-05    8:  0.01    
     0:  0.0016     1: -0.001      2:  0.0016     3: -0.00022    4: -8.9e-05    5: -0.00012    9:  0.01    
     0: -0.0012     1: -0.002      2:  0.00042    3: -3.5e-05    4:  0.0001     5: -0.00013    9:  2e-05     10:  0.01    
     0: -0.00032    1: -0.00068    2: -0.00032    3:  1.4e-05    4:  7.5e-05    5: -4.7e-05    9: -7.8e-06   10:  7.6e-05   11:  0.01    
     0: -0.0021     1:  0.00098    2:  0.0012     3:  0.00022    4:  0.00012    5: -0.0002    12:  0.01    
     0: -0.0012     1: -0.002      2:  0.0004     3:  3.2e-05    4:  0.0002     5:  0.0001    12:  1.9e-05   13:  0.01    
     0: -0.00031    1: -0.00067    2: -0.00033    3: -1.3e-05    4:  3.9e-05    5:  3.7e-05   12: -7.9e-06   13:  7.6e-05   14:  0.01    
     0: -0.0015     1:  0.00097    2: -0.0015     3:  0.00019    4: -0.00014    5: -0.00023   15:  0.01    
     0: -0.0011     1: -0.0018     2:  0.0011     3: -7e-05      4:  0.00027    5: -0.00011   15: -4.1e-05   16:  0.01    
     0: -0.00039    1: -0.00071    2:  2e-05      3: -5.1e-06    4:  7e-05      5: -4.4e-05   15: -3e-06     16:  8.3e-05   17:  0.01    

QLD
     0:  0.96    
     0:  0.011      1:  0.97    
     0: -0.0073     1: -0.002      2:  0.99    
     0:  2.6        1: -1.5        2:  0.43       3:  0.0043  
     0:  0.57       1:  1.1        2:  0.47       3: -0.0013     4:  0.01    
     0:  0.26       1: -0.21       2:  0.026      3: -0.015      4: -0.0039     5:  0.011   
     0:  0.18       1: -0.081      2: -0.13       3: -0.02       4:  0.0078     5: -0.0052     6:  0.01    
     0: -0.11       1: -0.18       2:  0.11       3:  0.0068     4:  0.0069     5:  0.011      6: -0.0039     7:  0.01    
     0: -0.039      1: -0.071      2:  0.0022     3:  0.00051    4:  0.0055     5:  0.0043     6: -0.00029    7:  0.0082     8:  0.01    
     0:  0.16       1: -0.1        2:  0.16       3: -0.021      4: -0.0087     5: -0.012      9:  0.01    
     0: -0.11       1: -0.19       2:  0.042      3: -0.0035     4:  0.0097     5: -0.013      9:  0.0019    10:  0.01    
     0: -0.032      1: -0.067      2: -0.032      3:  0.0014     4:  0.0074     5: -0.0047     9: -0.00077   10:  0.0076    11:  0.01    
     0: -0.2        1:  0.096      2:  0.12       3:  0.022      4:  0.012      5: -0.019     12:  0.01    
     0: -0.11       1: -0.19       2:  0.039      3:  0.0031     4:  0.02       5:  0.01      12:  0.0018    13:  0.01    
     0: -0.031      1: -0.067      2: -0.033      3: -0.0013     4:  0.0039     5:  0.0037    12: -0.00079   13:  0.0076    14:  0.01    
     0: -0.15       1:  0.094      2: -0.15       3:  0.019      4: -0.014      5: -0.023     15:  0.01    
     0: -0.11       1: -0.18       2:  0.11       3: -0.0069     4:  0.026      5: -0.011     15: -0.004     16:  0.01    
     0: -0.039      1: -0.071      2:  0.002      3: -0.00051    4:  0.0069     5: -0.0044    15: -0.00029   16:  0.0082    17:  0.01    

QLDIAGINV
   1       
   1       
   1       
   2.3e+02 
   1e+02   
   93      
   98      
   98      
   1e+02   
   98      
   98      
   1e+02   
   98      
   98      
   1e+02   
   98      
   98      
   1e+02   

M: inertia structure
--------------------
 x                  |
 xx                 |
 xxx                |
 xxxx               |
 xxxxx              |
 xxxxxx             |
 xxxxxxx            |
 xxxxxxxx           |
 xxxxxxxxx          |
 xxxxxx   x         |
 xxxxxx   xx        |
 xxxxxx   xxx       |
 xxxxxx      x      |
 xxxxxx      xx     |
 xxxxxx      xxx    |
 xxxxxx         x   |
 xxxxxx         xx  |
 xxxxxx         xxx |
--------------------

iM: block-diagonal inertia (nnzs are island ids)
--------------------
 0                  |
 00                 |
 000                |
 0000               |
 00000              |
 000000             |
 0000000            |
 00000000           |
 000000000          |
 000000   0         |
 000000   00        |
 000000   000       |
 000000      0      |
 000000      00     |
 000000      000    |
 000000         0   |
 000000         00  |
 000000         000 |
--------------------

QH
     0:  0.96    
     0:  0.011      1:  0.98    
     0: -0.0074     1: -0.0022     2:  1       
     0:  2.6        1: -1.4        2:  0.43       3:  0.0043  
     0:  0.56       1:  1.1        2:  0.47       3: -0.0013     4:  0.01    
     0:  0.26       1: -0.21       2:  0.026      3: -0.015      4: -0.0039     5:  0.011   
     0:  0.13       1: -0.058      2: -0.097      3: -0.015      4:  0.0056     5: -0.0037     6:  0.014   
     0: -0.078      1: -0.13       2:  0.079      3:  0.0049     4:  0.005      5:  0.0076     6: -0.0028     7:  0.014   
     0: -0.028      1: -0.051      2:  0.0016     3:  0.00037    4:  0.0039     5:  0.0031     6: -0.00021    7:  0.0059     8:  0.014   
     0:  0.11       1: -0.073      2:  0.12       3: -0.015      4: -0.0062     5: -0.0085     9:  0.014   
     0: -0.082      1: -0.14       2:  0.03       3: -0.0025     4:  0.007      5: -0.0092     9:  0.0014    10:  0.014   
     0: -0.023      1: -0.048      2: -0.023      3:  0.00098    4:  0.0053     5: -0.0034     9: -0.00055   10:  0.0054    11:  0.014   
     0: -0.15       1:  0.069      2:  0.085      3:  0.016      4:  0.0084     5: -0.014     12:  0.014   
     0: -0.082      1: -0.14       2:  0.028      3:  0.0022     4:  0.014      5:  0.0072    12:  0.0013    13:  0.014   
     0: -0.022      1: -0.048      2: -0.023      3: -0.00095    4:  0.0028     5:  0.0026    12: -0.00056   13:  0.0054    14:  0.014   
     0: -0.11       1:  0.068      2: -0.11       3:  0.014      4: -0.0098     5: -0.016     15:  0.014   
     0: -0.079      1: -0.13       2:  0.078      3: -0.0049     4:  0.019      5: -0.0078    15: -0.0029    16:  0.014   
     0: -0.028      1: -0.051      2:  0.0014     3: -0.00036    4:  0.005      5: -0.0031    15: -0.00021   16:  0.0059    17:  0.014   

QHDIAGINV
   1       
   1       
   1       
   2.3e+02 
   1e+02   
   92      
   70      
   70      
   71      
   70      
   70      
   71      
   70      
   70      
   71      
   70      
   70      
   71      

TREE_AWAKE
  1

BODY_AWAKE
  -1 1 1 1 1 1 1 1 1 1 1 1 1 1

BODY_AWAKE_IND
  0 1 2 3 4 5 6 7 8 9 10 11 12 13

PARENT_AWAKE_IND
  1 2 3 4 5 6 7 8 9 10 11 12 13

DOF_AWAKE_IND
  0 1 2 3 4 5 6 7 8 9 10 11 12 13 14 15 16 17

CONTACT
  0:
     dim           3
     geoms         floor : 10
     exclude       0
     efc_address   0
     solref         0.02      1       
     solimp         0.9       0.95      0.001     0.5       2       
     dist          -0.002   
     includemargin  0       
     pos           -1.5       0.069    -0.00099 
     frame          0         0         1        -0.62     -0.78      0         0.78     -0.62      0       
     friction       2         2         0.5       0.5       0.5     
     mu             2       
     force          2.5       2.1      -0.72      0         0         0       
  1:
     dim           3
     geoms         floor : 22
     exclude       0
     efc_address   4
     solref         0.02      1       
     solimp         0.9       0.95      0.001     0.5       2       
     dist          -0.0018  
     includemargin  0       
     pos           -1.5      -0.029    -0.0009  
     frame          0         0         1        -0.59     -0.81      0         0.81     -0.59      0       
     friction       2         2         0.5       0.5       0.5     
     mu             2       
     force          3.9      -3.6       0.63      0         0         0       
  2:
     dim           3
     geoms         floor : 28
     exclude       0
     efc_address   8
     solref         0.02      1       
     solimp         0.9       0.95      0.001     0.5       2       
     dist          -0.0023  
     includemargin  0       
     pos           -1.4      -0.13     -0.0011  
     frame          0         0         1        -0.64     -0.77      0         0.77     -0.64      0       
     friction       2         2         0.5       0.5       0.5     
     mu             2       
     force          3.2       0.8       0.75      0         0         0       

EFC_TYPE
  6
  6
  6
  6
  6
  6
  6
  6
  6
  6
  6
  6

EFC_ID
  0
  0
  0
  0
  1
  1
  1
  1
  2
  2
  2
  2

EFC_J
  -1.2      -1.6       1         0.12      0.13      0.15     -0.095     0.27      0.14      0         0         0         0         0         0         0         0         0       
   1.2       1.6       1         0.0076   -0.28     -0.18      0.02     -0.27     -0.21      0         0         0         0         0         0         0         0         0       
   1.6      -1.2       1        -0.17     -0.024    -0.11      0.24      0.046    -0.00011   0         0         0         0         0         0         0         0         0       
  -1.6       1.2       1         0.29     -0.12      0.087    -0.31     -0.05     -0.075     0         0         0         0         0         0         0         0         0       
  -1.2      -1.6       1         0.095     0.25      0.12      0         0         0         0         0         0         0.072     0.2       0.063     0         0         0       
   1.2       1.6       1         0.015    -0.18     -0.12      0         0         0         0         0         0        -0.011    -0.28     -0.2       0         0         0       
   1.6      -1.2       1        -0.16      0.054     0.099     0         0         0         0         0         0        -0.23     -0.00053  -0.029     0         0         0       
  -1.6       1.2       1         0.27      0.011    -0.1       0         0         0         0         0         0         0.29     -0.087    -0.1       0         0         0       
  -1.3      -1.5       1        -0.053     0.31     -0.16      0         0         0         0         0         0         0         0         0        -0.018     0.27      0.14    
   1.3       1.5       1        -0.11     -0.16      0.19      0         0         0         0         0         0         0         0         0        -0.1      -0.27     -0.21    
   1.5      -1.3       1        -0.29      0.11      0.15      0         0         0         0         0         0         0         0         0        -0.32      0.052     0.005   
  -1.5       1.3       1         0.13      0.041    -0.12      0         0         0         0         0         0         0         0         0         0.2      -0.057    -0.081   

IEFC_J
  -1.2      -1.6       1         0.12      0.13      0.15     -0.095     0.27      0.14      0         0         0         0         0         0         0         0         0       
   1.2       1.6       1         0.0076   -0.28     -0.18      0.02     -0.27     -0.21      0         0         0         0         0         0         0         0         0       
   1.6      -1.2       1        -0.17     -0.024    -0.11      0.24      0.046    -0.00011   0         0         0         0         0         0         0         0         0       
  -1.6       1.2       1         0.29     -0.12      0.087    -0.31     -0.05     -0.075     0         0         0         0         0         0         0         0         0       
  -1.2      -1.6       1         0.095     0.25      0.12      0         0         0         0         0         0         0.072     0.2       0.063     0         0         0       
   1.2       1.6       1         0.015    -0.18     -0.12      0         0         0         0         0         0        -0.011    -0.28     -0.2       0         0         0       
   1.6      -1.2       1        -0.16      0.054     0.099     0         0         0         0         0         0        -0.23     -0.00053  -0.029     0         0         0       
  -1.6       1.2       1         0.27      0.011    -0.1       0         0         0         0         0         0         0.29     -0.087    -0.1       0         0         0       
  -1.3      -1.5       1        -0.053     0.31     -0.16      0         0         0         0         0         0         0         0         0        -0.018     0.27      0.14    
   1.3       1.5       1        -0.11     -0.16      0.19      0         0         0         0         0         0         0         0         0        -0.1      -0.27     -0.21    
   1.5      -1.3       1        -0.29      0.11      0.15      0         0         0         0         0         0         0         0         0        -0.32      0.052     0.005   
  -1.5       1.3       1         0.13      0.041    -0.12      0         0         0         0         0         0         0         0         0         0.2      -0.057    -0.081   

EFC_POS
  -0.002   
  -0.002   
  -0.002   
  -0.002   
  -0.0018  
  -0.0018  
  -0.0018  
  -0.0018  
  -0.0023  
  -0.0023  
  -0.0023  
  -0.0023  

EFC_MARGIN
   0       
   0       
   0       
   0       
   0       
   0       
   0       
   0       
   0       
   0       
   0       
   0       

EFC_FRICTIONLOSS
   0       
   0       
   0       
   0       
   0       
   0       
   0       
   0       
   0       
   0       
   0       
   0       

EFC_DIAGAPPROX
   1.1e+02 
   1.1e+02 
   1.1e+02 
   1.1e+02 
   1.2e+02 
   1.2e+02 
   1.2e+02 
   1.2e+02 
   1.2e+02 
   1.2e+02 
   1.2e+02 
   1.2e+02 

EFC_KBIP
   2.8e+03   1.1e+02   0.95      0       
   2.8e+03   1.1e+02   0.95      0       
   2.8e+03   1.1e+02   0.95      0       
   2.8e+03   1.1e+02   0.95      0       
   2.8e+03   1.1e+02   0.95      0       
   2.8e+03   1.1e+02   0.95      0       
   2.8e+03   1.1e+02   0.95      0       
   2.8e+03   1.1e+02   0.95      0       
   2.8e+03   1.1e+02   0.95      0       
   2.8e+03   1.1e+02   0.95      0       
   2.8e+03   1.1e+02   0.95      0       
   2.8e+03   1.1e+02   0.95      0       

EFC_D
   0.17    
   0.17    
   0.17    
   0.17    
   0.16    
   0.16    
   0.16    
   0.16    
   0.16    
   0.16    
   0.16    
   0.16    

EFC_R
   5.8     
   5.8     
   5.8     
   5.8     
   6.4     
   6.4     
   6.4     
   6.4     
   6.4     
   6.4     
   6.4     
   6.4     

ACTUATOR_VELOCITY
  -0.011   
  -0.083   
   0.059   
  -0.094   
   0.28    
   0.34    
   0.082   
   0.15    
   0.24    
  -0.0073  
  -0.12    
   0.026   

CVEL
   0         0         0         0         0         0       
   0.11     -0.21     -0.094    -0.024    -0.012     0.013   
   0.11     -0.2      -0.093    -0.024    -0.012     0.013   
   0.19     -0.24     -0.086    -0.023    -0.011     0.0066  
   0.13     -0.21     -0.091    -0.022    -0.0097    0.009   
   0.15     -0.13     -0.086    -0.025    -0.012     0.015   
  -0.091     0.0072   -0.13     -0.031    -0.015     0.037   
  -0.39      0.17     -0.18     -0.027    -0.002     0.055   
   0.15     -0.14     -0.087    -0.025    -0.012     0.011   
   0.014    -0.064    -0.11     -0.024    -0.014     0.00037 
  -0.2       0.052    -0.15     -0.015    -0.0049   -0.022   
   0.1      -0.22     -0.095    -0.024    -0.013     0.013   
   0.21     -0.27     -0.083    -0.025    -0.012     0.022   
   0.18     -0.26     -0.086    -0.024    -0.011     0.019   

CDOF_DOT
   0         0         0         0         0         0       
   0         0         0         0         0         0       
   0         0         0         0         0         0       
   0         0         0        -0.014     0.0087   -0.013   
  -0         0         0        -0.0058   -0.015    -0.02    
   0        -0         0        -0.011     0.019    -0.00066 
  -0.063     0.054    -0.19      0.0074   -0.012     0.016   
   0.062     0.091    -0.12     -0.022    -0.021    -0.027   
   0.062     0.091    -0.12     -0.0097   -0.016    -0.013   
  -0.063     0.054    -0.19      0.017    -0.0073    0.018   
   0.061     0.098    -0.037    -0.016    -0.027    -0.026   
   0.061     0.098    -0.037    -0.01     -0.033    -0.031   
   0.063    -0.054     0.19     -0.0074    0.012    -0.016   
   0.063     0.098    -0.049     0.0053   -0.0038   -0.023   
   0.063     0.098    -0.049     0.012    -0.0068   -0.02    
   0.063    -0.054     0.19     -0.017     0.0073   -0.018   
   0.067     0.093    -0.14      0.0098   -0.0067   -0.022   
   0.067     0.093    -0.14      0.023    -0.0015   -0.0068  

QFRC_BIAS
   1.3e-05 
   0.00058 
   9.8     
   0.018   
   0.047   
   0.0029  
  -0.014   
   0.011   
   0.00022 
   0.016   
   0.0042  
  -0.0031  
   0.012   
   0.0039  
  -0.0032  
  -0.015   
   0.011   
   0.00019 

QFRC_SPRING
   0       
   0       
   0       
   0       
   0       
   0       
   0       
   0       
   0       
   0       
   0       
   0       
   0       
   0       
   0       
   0       
   0       
   0       

QFRC_DAMPER
   0       
   0       
   0       
   0       
   0       
   0       
   0.022   
   0.17    
  -0.12    
   0.19    
  -0.56    
  -0.68    
  -0.16    
  -0.31    
  -0.49    
   0.015   
   0.24    
  -0.052   

QFRC_GRAVCOMP
   0       
   0       
   0       
   0       
   0       
   0       
   0       
   0       
   0       
   0       
   0       
   0       
   0       
   0       
   0       
   0       
   0       
   0       

QFRC_FLUID
   0       
   0       
   0       
   0       
   0       
   0       
   0       
   0       
   0       
   0       
   0       
   0       
   0       
   0       
   0       
   0       
   0       
   0       

QFRC_PASSIVE
   0       
   0       
   0       
   0       
   0       
   0       
   0.022   
   0.17    
  -0.12    
   0.19    
  -0.56    
  -0.68    
  -0.16    
  -0.31    
  -0.49    
   0.015   
   0.24    
  -0.052   

EFC_VEL
  -0.011   
   0.049   
   0.029   
   0.0089  
   0.039   
  -0.078   
  -0.03    
  -0.0095  
  -0.0034  
   0.024   
  -0.00084 
   0.022   

EFC_AREF
   6.4     
   0.12    
   2.2     
   4.3     
   0.66    
   13      
   7.8     
   5.7     
   6.4     
   3.5     
   6.1     
   3.7     

SUBTREE_LINVEL
   0         0         0       
   0         0         0       
   0         0         0       
   0         0         0       
   0         0         0       
   0         0         0       
   0         0         0       
   0         0         0       
   0         0         0       
   0         0         0       
   0         0         0       
   0         0         0       
   0         0         0       
   0         0         0       

SUBTREE_ANGMOM
   0         0         0       
   0         0         0       
   0         0         0       
   0         0         0       
   0         0         0       
   0         0         0       
   0         0         0       
   0         0         0       
   0         0         0       
   0         0         0       
   0         0         0       
   0         0         0       
   0         0         0       
   0         0         0       

ACTUATOR_FORCE
   0.23    
  -0.41    
   0.0054  
  -0.15    
   0.47    
   0.57    
   0.21    
   0.9     
   0.92    
   0.25    
  -0.33    
   0.062   

QFRC_ACTUATOR
   0       
   0       
   0       
   0       
   0       
   0       
   0.23    
  -0.41    
   0.0054  
  -0.15    
   0.47    
   0.57    
   0.21    
   0.9     
   0.92    
   0.25    
  -0.33    
   0.062   

QFRC_SMOOTH
  -1.3e-05 
  -0.00058 
  -9.8     
  -0.018   
  -0.047   
  -0.0029  
   0.26    
  -0.26    
  -0.11    
   0.018   
  -0.096   
  -0.11    
   0.029   
   0.59    
   0.43    
   0.28    
  -0.11    
   0.0096  

QACC_SMOOTH
   0.029   
   0.052   
  -9.7     
  -0.13    
  -0.66    
   0.09    
   24      
  -24      
  -11      
   3.3     
  -8.9     
  -12      
   3.9     
   58      
   43      
   26      
  -9.1     
   1.1     

EFC_B
  -27      
  -0.18    
  -7.2     
  -20      
   3.7     
  -47      
  -20      
  -24      
  -19      
  -13      
  -25      
  -7.9     

EFC_FORCE
   1.1     
   0.087   
   0.43    
   0.79    
   0.077   
   1.9     
   1.1     
   0.83    
   0.99    
   0.59    
   0.98    
   0.6     

EFC_STATE
  1
  1
  1
  1
  0
  1
  1
  1
  1
  1
  1
  1

QFRC_CONSTRAINT
   0.82    
   0.28    
   9.6     
   0.045   
   0.11    
   0.016   
  -0.25    
   0.26    
   0.08    
   0       
   0       
   0       
  -0.038   
  -0.59    
  -0.48    
  -0.27    
   0.12    
  -0.033   

QFRC_INVERSE
   0       
   0       
   0       
   0       
   0       
   0       
   0       
   0       
   0       
   0       
   0       
   0       
   0       
   0       
   0       
   0       
   0       
   0       

CACC
   0         0         0         0         0         0       
   0         0         0         0         0         0       
   0         0         0         0         0         0       
   0         0         0         0         0         0       
   0         0         0         0         0         0       
   0         0         0         0         0         0       
   0         0         0         0         0         0       
   0         0         0         0         0         0       
   0         0         0         0         0         0       
   0         0         0         0         0         0       
   0         0         0         0         0         0       
   0         0         0         0         0         0       
   0         0         0         0         0         0       
   0         0         0         0         0         0       

CFRC_INT
   0         0         0         0         0         0       
   0         0         0         0         0         0       
   0         0         0         0         0         0       
   0         0         0         0         0         0       
   0         0         0         0         0         0       
   0         0         0         0         0         0       
   0         0         0         0         0         0       
   0         0         0         0         0         0       
   0         0         0         0         0         0       
   0         0         0         0         0         0       
   0         0         0         0         0         0       
   0         0         0         0         0         0       
   0         0         0         0         0         0       
   0         0         0         0         0         0       

CFRC_EXT
   0         0         0         0         0         0       
   0         0         0         0         0         0       
   0         0         0         0         0         0       
   0         0         0         0         0         0       
   0         0         0         0         0         0       
   0         0         0         0         0         0       
   0         0         0         0         0         0       
   0         0         0         0         0         0       
   0         0         0         0         0         0       
   0         0         0         0         0         0       
   0         0         0         0         0         0       
   0         0         0         0         0         0       
   0         0         0         0         0         0       
   0         0         0         0         0         0       

TREE_ISLAND
  0

ISLAND_NTREE
  1

ISLAND_ITREEADR
  0

MAP_ITREE2TREE
  0

DOF_ISLAND            0 0 0 0 0 0 0 0 0 0 0 0 0 0 0 0 0 0

ISLAND_NV             18

ISLAND_IDOFADR        0

MAP_IDOF2DOF          0 1 2 3 4 5 6 7 8 9 10 11 12 13 14 15 16 17

EFC_ISLAND            0 0 0 0 0 0 0 0 0 0 0 0

ISLAND_NEFC           12

ISLAND_IEFCADR        0

MAP_IEFC2EFC          0 1 2 3 4 5 6 7 8 9 10 11

